6787
3634
2149
1840
2324
2438
1984
2029
2054
1987
2750
1890
1721
1665
2336
2602
2175
2065
1900
1937
2464
1990
1668
1656
2285
2648
2037
1974
1999
1866
2686
2103
1808
1757
2100
2658
2171
1855
1904
1752
2944
2400
2026
1695
1849
2668
2087
1251
1838
1866
2915
1887
1830
1686
2228
2961
1906
2082
8927
1823
2901
1987
1661
1786
2149
2932
2308
1990
1790
1844
2965
1910
1951
1728
2170
2724
2145
2102
1887
1782
2655
2149
1773
2082
2269
2747
2204
2025
1786
2387
2684
2354
2144
1916
1370
2810
2015
1469
1848
1697
2804
2123
1744
2099
2148
2459
1924
1932
1733
1853
2421
1999
1963
1655
2033
2510
1954
1789
1695
1727
2947
2126
1710
1716
2032
2902
2044
2362
1940
1745
2546
2100
1724
1851
2055
2693
2453
1860
1681
1902
3166
2340
1294
1856
2165
2801
2077
1335
1608
1626
2843
2080
1871
2003
2138
2785
1956
2334
1826
1785
2614
2168
1790
1656
2171
2670
2242
1896
1834
1789
2819
1845
1997
1725
2194
2865
2236
2213
1904
1865
2633
1989
2243
1830
2147
3197
2157
1802
2312
1999
3037
2020
8510
1896
1482
2941
2239
1321
1906
1649
12484
1920
1862
2226
1927
2661
1861
1703
2050
1823
2675
1841
1883
2099
1886
2938
2004
1656
1709
1573
2617
1899
1911
2247
1947
2742
2077
1873
1668
1648
2543
1707
1860
2141
1768
2777
2049
1848
1808
1937
2970
2100
2039
1183
1906
2901
1294
1889
1821
1682
2798
2051
1833
2269
1442
2821
2068
2097
2046
1685
2673
1568
1556
2068
1786
2529
1830
1563
1878
1735
2239
1749
1555
1997
1768
2329
1929
1685
1604
1627
2622
1667
1553
2032
1984
2586
1785
1474
1552
2130
2279
1915
1788
1223
1587
2304
1197
1489
1609
1495
2563
1783
1581
2024
1787
2475
1685
1534
1551
1452
2298
1646
1615
1867
1829
2622
1618
1393
1420
1466
2404
1702
1519
1946
1756
2638
1864
1599
1565
1584
2500
1704
1644
1792
1837
2580
1800
1599
2035
2086
2605
1761
1579
1142
1806
2788
1105
1470
1478
1658
2386
1676
1707
1872
1781
2281
2078
1797
1682
1713
2654
1736
1568
2114
1806
2521
1526
1618
1434
1492
2469
1645
1447
1805
1759
2611
1788
1656
1574
1643
2359
1652
1419
1786
1861
2600
1762
1537
1476
2219
1930
1938
1504
1262
1636
2729
1064
1682
1522
1535
2521
1620
1522
1961
1749
2515
1670
1476
1684
1451
2559
1792
1613
1991
1924
2565
1685
1366
1537
1592
2569
1732
1867
1639
1844
2556
1671
1436
1390
1555
2247
1620
1885
1816
2025
2676
1771
2093
1994
2096
2557
2026
1027
1625
1689
2522
1644
1630
1632
1540
2582
1699
1889
1747
1312
2577
2051
1512
1539
2291
2695
1692
2032
1654
1896
2335
1734
1705
1539
1502
2564
1663
1929
1542
1605
2584
1851
1588
1624
1493
2549
1685
1823
2094
1771
2335
1813
1567
2130
1756
2603
1858
1152
1419
1726
2800
2058
1696
1820
1625
2403
1730
1878
1656
1894
2290
1753
1412
1531
1483
2674
1631
1842
1701
1817
2258
1804
1578
1455
1489
2450
1560
1692
1445
1554
2370
1596
1697
1679
1543
2592
1680
1880
2064
2024
2248
1721
1663
2073
1804
2340
1739
1363
1702
1092
2594
1696
1641
1486
1434
2467
1528
1858
1680
1551
2420
1537
1641
1412
1416
2699
1613
1785
1724
1641
2460
1709
1800
1606
1348
2395
1719
1875
1873
1797
2568
1737
1652
1510
1560
2497
1629
1807
1807
1721
2372
2040
1836
2140
1789
2445
1711
1655
1710
1194
2393
1674
1708
1597
1591
2625
1893
1890
1679
1578
2549
1730
1525
1740
1463
2542
1671
1796
1608
1575
2556
1995
1377
1461
1504
2553
1655
1804
1632
2127
2740
1737
1413
1682
1686
2633
1671
2019
1856
1705
2609
1601
1915
2015
1153
2482
1083
1756
1835
1095
2522
1696
1589
1732
1532
2540
1836
1618
1680
1872
2602
1836
1699
1642
1498
2710
1875
1704
1811
1892
2631
1521
1485
7026
1563
2645
1985
1638
1734
1805
2469
1710
1625
1653
1680
2616
1893
1827
1686
1601
1365
1778
2146
1650
1849
2616
1471
1636
1718
1855
2134
1882
1642
1509
1769
2702
2020
962
1729
1772
2573
1668
1532
1461
1653
2554
1980
1722
2020
1524
2528
1690
1452
1490
1575
2555
1872
1932
1691
1779
2546
1649
1645
1441
1655
2552
2005
1951
1760
1457
2532
1549
2161
1627
1556
2349
1571
1747
1606
1832
2554
1709
1677
1578
1768
2350
1901
1658
1521
1876
2652
1762
1502
1433
1539
2350
1970
1902
1749
1657
2289
1679
1512
1664
1752
2634
1913
1883
1855
1661
2391
1633
1522
1493
1501
2467
1881
1902
1870
1650
2473
1560
2089
1924
1548
2550
1471
1723
1583
1385
2624
1768
1646
1524
1593
2730
2087
1778
2117
1579
2490
1635
1570
1498
1505
2473
1996
1818
1641
1500
2543
1461
1797
1548
1713
2570
2056
1898
1780
1771
2677
1737
1417
1405
1475
2242
2007
1955
1720
1564
2751
1802
2158
1628
1781
1284
1937
2071
1257
1463
2291
1708
1571
1585
1473
2691
1657
1880
1911
1683
2409
1648
1570
1590
1603
2449
1761
1954
1671
1642
2594
1667
1549
1768
1582
2427
1717
1883
1777
1614
2568
1657
1605
1563
1560
2626
2000
1808
1692
1547
2481
2185
1666
1601
1758
2456
1655
1874
1122
1466
2547
1692
1485
1415
1396
2670
1842
1467
1760
1483
2648
1716
1427
1494
1449
2580
1959
1700
1683
1449
2524
1613
1407
1459
1419
2479
1890
1689
1899
1574
2557
1884
1737
1463
1445
2732
1926
1721
1772
2080
2247
2070
1792
1579
1537
2625
1840
1917
1158
1895
2484
1658
1414
1470
1410
2731
1203
1554
1954
1722
2562
1620
1410
1387
1439
2746
1831
1514
1464
1716
2577
1510
1436
1640
1450
2436
1735
1631
1485
1503
2531
1630
1486
1530
1510
2682
1969
1521
1436
1570
2567
1957
1751
1559
1401
2504
1801
1712
1172
1429
2569
1560
1509
1457
1812
2291
1814
1700
1489
1442
2473
1660
1532
1482
1624
2410
1743
1711
1509
1518
2708
1714
1763
1558
1548
2735
1818
1994
1738
