7834
4155
2934
3168
2475
3799
2734
2415
2504
2654
3753
2759
2584
3245
3023
3881
2728
2508
2291
2231
3580
2551
2729
2760
2625
3438
2443
2469
2994
2517
3676
2450
2103
2947
2655
3878
2163
2234
2171
2225
3713
2442
2011
2740
2648
3298
2617
2176
2084
2052
3378
2513
2450
2700
2332
3407
2632
2354
2417
2201
3321
2597
2586
3076
2668
3341
2613
2153
2600
2739
3814
1870
2906
2791
2525
3676
2456
2523
3137
2595
3630
2538
2645
2712
2462
3563
2526
2443
2569
2336
3769
2192
2596
2669
2662
3490
2590
2348
2514
2269
3501
2741
2762
2924
2643
3455
3050
2125
2256
2384
3532
2444
2594
2919
2511
3689
2586
2409
2212
2288
3684
2806
2957
2623
2346
3489
2437
2888
2999
2442
3467
2163
2749
2595
1896
3677
2400
2143
2118
2226
3587
2432
2858
2399
2483
3622
2476
2203
2120
2229
3518
3052
2925
2945
2493
3583
2816
2428
2403
2693
3549
3544
3016
2914
2650
3951
2750
2233
2397
2326
3079
2860
2867
2453
2788
3215
2767
2920
2569
2429
3578
2152
2660
2316
1882
3670
2432
2252
2364
2394
3498
2669
2888
2544
2745
3630
2519
2230
2218
2344
3667
2682
2767
2508
2377
3568
2622
2225
2208
2291
3443
2589
3078
2485
2133
3533
2661
2250
2225
2235
3382
2872
3030
2611
2460
3166
2922
2736
2482
2237
3237
1959
2939
2777
1919
3557
2496
2275
2357
2312
3692
2883
2936
2725
2500
3533
2612
2329
2211
2125
3528
2741
2811
2647
2513
3531
2506
2353
2312
2152
3357
2981
2884
2498
2256
3297
2352
2020
2049
2277
3210
2753
2639
2720
2359
3258
2339
2799
2215
2197
3300
2461
2729
1803
2096
3159
2318
1872
2007
1838
2722
2415
2562
2208
2570
3117
2300
1893
1882
1920
3338
2268
2340
2108
2337
3448
2252
2232
1955
2022
3235
2294
2651
2135
2220
3308
2347
1981
1933
1973
3461
2352
2549
2232
2278
2912
3380
3017
2232
2034
3117
2564
2247
1578
2554
3296
2348
2213
2156
2044
3092
2669
2068
2023
2043
2940
2274
2164
2022
2249
3020
2635
2326
2017
2548
3044
2369
2217
2094
1957
3155
2693
2428
2287
2084
3412
2210
2060
2006
1923
3136
2969
2375
2490
2750
3685
3760
4845
4125
11010
3677
3508
2733
1797
2165
3210
2424
2021
2031
1808
3221
2684
2446
2515
2051
3080
2480
2251
2162
2012
3257
2602
2426
2060
2054
3427
2483
2208
2187
2650
3627
2587
2400
2490
2302
3253
2423
2107
2158
2204
3550
2617
2326
2689
2311
3227
2881
2453
2292
2109
2625
2650
2275
1676
2122
3117
2575
2426
2141
1943
3164
2598
2441
2269
2125
3082
2412
2310
2026
2096
3588
2524
2189
1937
2051
3309
2239
2305
2079
2292
3209
2699
2327
2122
2157
3413
2383
2133
2041
2451
3048
2578
2152
1897
2566
2506
2749
2605
2040
2731
3298
2503
2382
1606
1949
3188
2060
2146
2279
2293
3737
2554
2601
2281
2078
3205
2212
2768
7270
5599
4349
2836
2377
3218
2512
3318
2160
2285
2129
2641
3499
2699
2202
1998
2083
3105
2368
2088
2265
2573
3225
2327
2721
2227
2477
3633
2240
1735
2159
1686
3382
2232
1739
2232
2013
3360
2245
2088
2225
1842
3300
2362
2035
1943
2151
3386
2312
1830
2017
2170
3367
2152
2040
1811
1933
3251
2305
1978
2098
2055
3464
2212
1892
1999
1971
2973
2097
1944
2101
2521
3357
2292
2146
1947
2240
3392
2223
2036
2245
1668
3509
2307
2334
2043
1981
3162
2444
2231
1657
2364
3354
2192
2492
2394
2154
3315
2327
2080
2002
2234
3229
2374
2019
2196
1946
3230
2778
2110
1944
2815
3125
2289
2071
2197
2197
2950
2468
1984
2436
2525
3185
2341
1955
2098
2343
3302
2292
2290
2821
1738
3621
1611
1935
1934
1873
4016
2502
2154
2299
2161
3164
2419
2050
2024
2098
3247
2114
1904
2292
2270
3052
2070
1985
1926
1880
3481
2335
2028
2118
2128
3349
2200
1868
2167
2163
3303
2298
2011
2475
2189
3269
2808
2458
2310
2292
3468
2214
1977
1520
2165
3442
1709
2063
1911
2045
3328
2377
1932
2231
2261
3214
2417
2144
2005
1941
3027
2228
2028
2209
2241
3271
2246
2019
1895
1911
3234
2394
1956
2168
2322
3360
2538
2137
2262
2266
3337
2103
2007
2649
3120
3215
2223
2401
2170
2732
3085
2402
2174
1642
2491
3356
1501
2004
2062
1993
3227
2183
1930
1952
2619
3244
2322
2214
2228
1977
2789
2377
2226
2290
2430
3058
2319
1845
1862
2101
2992
2118
2052
2053
2520
3270
2396
2281
2023
1891
3610
2145
2144
2701
2695
3390
2550
2059
2306
2758
3018
2320
2050
1838
2563
3323
1864
2238
1994
1941
2844
2312
1625
2162
2496
3405
2714
2495
2189
1917
2982
2214
2355
2203
2520
3338
2309
2328
2109
1827
3501
2240
2196
2331
2669
3447
2475
2389
2147
2159
3021
2322
2473
2099
2608
3418
2316
2314
2456
2812
3362
2355
2359
1669
2505
2854
2436
2375
2180
1985
3164
2261
2298
2199
2387
3529
2384
2480
2183
1977
3536
2449
2235
2212
2580
3055
2429
2152
2357
2027
3047
2211
2121
2003
2372
3067
2316
2107
2140
2139
3246
2243
2533
2222
2591
3243
2145
2125
2180
2712
3430
2380
1568
2009
2307
3193
2311
1931
2183
2134
3357
2355
2308
2007
2627
3123
2468
2082
2279
2181
3344
2363
2197
2131
2528
3389
2536
2224
2529
2324
3101
2261
2116
2527
2925
3553
2254
2038
2201
2250
3452
2080
2513
2279
2477
3091
2056
2119
2786
2584
3089
2367
1817
2497
9318
3034
2263
2096
2062
2332
3428
2435
2282
2331
2342
3048
2352
2398
2580
2683
2970
2239
2069
2521
2154
3375
2279
2028
1876
2333
3242
2341
2198
2952
2209
3377
2232
2059
1954
2353
3218
2618
2324
2696
2153
3181
2276
3061
2764
2436
3340
2460
2015
2932
1645
3212
2329
1949
2075
2266
3465
2462
2259
2528
2098
3341
2175
2219
2049
2065
3133
2706
2376
2628
2281
3215
2258
1937
2073
2005
3052
2197
2159
2623
2119
2930
2132
2077
1953
1913
2979
2583
2329
2483
2569
3410
2410
2437
2711
