89586
26180
18508
18020
16355
22820
20265
17724
17195
16945
22222
18528
17149
17573
17672
20965
19601
17147
17468
16324
22280
18285
16702
15984
16375
21337
20625
17450
17299
16150
22869
18177
17473
17098
16804
21686
19371
16965
16659
17115
22409
18195
18731
17567
17776
21316
19751
17270
17670
19595
22988
18262
18289
17500
16688
21587
26888
17589
17653
16421
21981
17884
17579
16598
17940
32617
19133
17354
16308
16580
22372
18530
16757
16312
18736
21431
18827
16294
17120
19172
32945
18162
17899
16582
17883
21973
19463
23929
16090
16818
21853
17989
18578
17072
16390
21465
20020
17828
17945
18029
22131
17807
18664
17509
17091
23730
18542
17526
15374
18123
23315
17489
17393
17612
16454
32537
18647
17470
16899
16437
32655
17484
17084
16494
16329
32792
19764
16729
16823
16597
43329
19534
18316
17633
17561
35205
19273
17094
16826
17136
33573
18483
17523
15944
18792
34558
27383
18100
18382
18771
33704
18913
17689
16816
17385
34121
19295
16845
16285
16983
33209
18592
17025
16405
16341
32513
18962
17414
16449
17178
32794
17551
16853
15942
15716
26574
18781
17373
17095
16755
32501
18506
17692
16163
16513
33594
18507
16680
23187
17143
32667
18411
18539
16733
16609
39124
17843
16928
18500
17776
33087
17720
17741
16416
17580
34163
25241
17128
16757
17120
33481
18124
16883
16154
18216
33680
18021
16787
16087
17086
32374
17773
16020
15384
16503
27200
18337
17810
16720
18152
33903
19093
16878
16967
16940
32999
19026
17392
16994
18469
32754
25400
16709
15374
17110
33040
18705
16655
18692
17583
32363
19553
19048
16312
19705
37339
19598
18567
18051
18534
33309
19597
16974
16871
16335
33453
19318
16709
17385
17997
31762
18139
17281
16420
17839
33883
19182
17174
17560
17488
46355
18522
17010
18428
16703
36741
20481
17131
19311
19117
36655
21629
17196
18514
19554
48132
26109
21195
20948
19360
38959
24219
24428
26020
20907
37714
23038
20643
24795
22621
43190
26163
22033
24304
33657
48874
22626
15761
18398
16271
32240
18512
16398
15717
16100
32129
19663
16370
17548
17885
33832
20220
16401
16943
17283
33315
19199
16455
17529
19437
35726
20505
16370
16363
16568
32854
18381
18905
18625
18249
32441
18411
17112
19558
17789
37802
24595
15381
17510
16813
39719
17510
16234
16369
16153
37192
18233
15637
17928
16622
36996
18340
15631
16475
15800
37281
18148
15813
16797
17016
37757
18017
16340
17388
17290
33856
19015
15840
19046
18044
33997
18512
15856
19471
18486
37480
19020
22917
18146
16584
39645
18585
16033
16172
18511
37659
18320
16951
17042
16660
38414
18198
15603
17530
17609
36991
18301
17399
17189
16540
37326
18185
16481
16457
17712
36799
18381
16812
16474
15866
36866
18881
16999
17327
18298
37672
18344
16506
17959
16993
38114
18274
16213
16096
17427
36989
19937
24287
17695
17585
38001
18965
16075
15654
18255
36920
18916
17359
17268
16853
37976
18424
17230
16001
17110
36990
18144
16974
16944
15931
37556
18400
16891
16861
18116
36591
17967
16798
16495
17190
37263
18168
17234
16558
17419
38002
18065
17570
17682
16942
38072
17802
16456
16575
17442
38354
17897
27898
19244
16933
37459
16986
16850
18311
17838
38195
17126
17522
16694
15973
36936
16909
17205
19026
17974
32613
16582
17267
17071
16501
32512
17130
18203
16982
19895
31846
22755
17267
17466
17397
38805
17358
17818
15881
18849
37301
17464
17056
17612
16280
37393
16950
17458
16725
18141
50984
18207
17649
16950
15850
37472
17526
17630
17779
17725
39333
17554
18302
16626
15895
37333
16932
17304
16332
17943
36467
16733
17884
17423
16088
35987
17964
16615
16445
17451
36587
18555
17520
17327
17778
32502
18073
16054
16923
18869
34227
18820
18446
17319
19096
32477
18020
17206
17751
18403
33605
18769
16608
16177
17576
33414
18757
16938
19707
17767
32778
18459
16472
16633
16172
33456
17912
18420
18230
16881
32516
17856
16359
16777
15527
31898
17096
17099
17845
16325
32389
17743
16947
17034
16248
31644
18408
16010
17764
16476
32073
18022
18078
17133
16280
33870
18839
17483
18747
17900
34343
19561
17382
16699
17922
33794
17393
17384
17939
17704
33253
18241
17161
17015
16285
32492
25094
17011
17163
17184
32957
17994
15790
15939
15701
31831
18013
16734
17537
17455
31871
18069
16407
17671
16302
31831
17941
16714
18176
17640
32041
18094
17671
16912
18119
33255
17678
16592
17306
17222
34356
18723
19195
16730
17148
33035
18701
17928
18104
17097
31622
18511
16449
15980
15647
32089
18275
18453
17941
16879
42866
18242
16317
16582
16357
31466
18149
16563
17523
16270
31593
18868
16067
17495
15740
30666
17378
17555
17521
16817
32359
19124
17311
16208
16338
31140
17673
33159
17311
17840
32156
18955
17136
17109
17920
32219
18531
18534
25507
18526
43746
19399
16701
16135
16203
32475
17568
16733
17890
17034
32011
18366
16609
16480
16503
31178
18065
16694
17987
17641
33655
18347
17059
18309
16127
32903
18089
16715
17590
17311
31663
19520
16959
16505
16359
32645
18490
16914
18039
17134
33269
18901
17160
17894
17869
33752
20005
20529
20320
18083
32235
18253
17668
17518
16328
31389
18593
16818
17370
16496
31586
17953
16827
17120
16228
31914
18528
16957
17861
16559
32023
19184
18513
16725
16490
31933
18280
16550
17942
16768
31966
18697
17552
18772
17535
33312
17552
18954
17105
16226
38280
17983
26328
18988
17436
38467
18808
18822
17480
17165
39464
18812
17198
16931
16083
32114
18539
18289
16623
17690
37346
18668
17183
17402
16217
31890
17918
18349
16989
16533
36980
18129
19091
18092
16389
36900
17687
17644
17170
16874
32712
19371
17103
16425
18636
34161
18606
18240
17752
19324
35471
19335
16563
17772
17838
39640
18971
18076
17478
15761
36184
19962
19701
17416
17783
33351
19212
17591
16143
17121
32449
18257
16704
16485
17311
31492
18170
17740
16836
16259
32147
18323
23704
16015
16282
31319
18229
17921
17094
16160
33821
18816
18857
17215
17212
33256
18594
17591
17440
19092
33652
18774
16521
17509
16645
35220
18786
18418
17225
17192
33444
19410
17820
17492
15918
33283
18637
27943
17141
16897
32799
18993
16998
17282
16529
32824
18323
18339
16619
17464
32812
18570
18732
18489
23731
35402
20137
19466
17103
16690
33536
19435
17800
17842
29522
26929
19177
18784
16707
18571
33766
18975
17133
18603
16156
33200
18806
17953
17963
17678
33278
19375
16674
17932
16632
45977
18871
18278
16467
17689
32569
18507
16334
16129
24226
33390
18702
17850
16231
