7035
4832
3463
2108
2213
3630
2542
1837
1851
1861
3554
2313
2696
2493
2262
3463
2699
2441
2449
1992
3284
2575
2403
2100
1982
3285
2656
1366
2062
2708
2658
2407
1249
1984
2320
2429
2188
1786
2066
1715
2736
2025
1868
1786
2054
2577
2016
1776
1805
1660
2823
2001
1905
1687
2290
2700
2267
1879
1733
1622
2519
1942
1771
1947
2165
2746
2111
1843
1691
1807
2996
1977
2015
1780
2521
2901
2131
2031
2419
2058
2899
2124
1508
1829
2114
2456
2012
1986
1672
1641
2901
1548
1814
1691
2196
2704
1902
1960
1809
1689
2803
2060
1898
1696
2026
2784
1857
2437
1907
1611
2755
2148
1945
2052
2136
3137
2211
2000
1701
1730
2899
2295
1809
1740
2036
2908
1907
2212
2371
1876
2954
2127
1259
1866
1341
2783
1880
1944
1711
1674
2884
2015
1812
1729
2169
2676
1995
2004
1856
1650
2728
2112
1854
1915
2465
3018
2049
1999
2133
1727
2916
2073
2045
1881
2176
2962
1874
1651
2090
1893
2648
2277
2077
1775
2195
2835
1950
2416
2441
2073
2716
2143
1809
1936
1380
2739
2022
1782
1870
1631
2681
1725
1627
1720
2527
2747
1860
1639
2037
1708
2797
2066
1719
1679
2034
2836
1937
1771
1906
1993
2713
2227
2010
2009
2287
2637
2121
1706
1869
2060
2861
1953
1741
2219
2108
2899
2063
1857
2426
2100
2906
1245
2109
2032
1401
2789
1917
1650
1850
2178
2894
2066
1816
2153
2029
2672
1994
1760
1750
2050
2657
1988
2162
2189
1977
2668
1853
1481
1541
1682
2681
1776
2301
2061
1682
2799
1757
1596
1576
1553
2535
1786
1583
1885
1734
2397
1364
2162
1724
1583
2471
1075
1867
1542
1712
2362
1687
1610
1706
1550
2506
2006
1642
1997
2076
2858
1883
1552
1522
1823
2743
1592
1446
1910
1828
2644
1812
1598
1534
1469
2265
1944
1789
1851
1726
2641
1816
1554
1622
1531
2795
1955
2086
2071
1775
2650
1967
2142
1676
1740
2595
1109
1597
1063
1585
2336
1744
1524
1556
1466
2487
1755
1543
1840
1649
2558
1717
1497
1577
1766
2553
1750
1664
1744
1613
2279
1695
1507
1408
1609
2643
1922
1612
1880
1666
2654
1680
1374
1376
1652
2709
1786
1710
1945
1613
2362
1740
2097
1619
1813
2765
1121
1835
2022
1626
2728
2056
1933
1771
1740
2835
1857
1818
2038
1696
2405
1662
1550
1535
1775
2362
1685
1642
1944
1617
2537
1898
1687
1698
1769
2645
1824
1749
1866
1723
2230
1638
1487
1517
2077
2560
1676
1620
1877
1577
2674
2278
2045
1655
1613
2002
1802
1754
1142
1721
2653
1780
1630
1590
1609
2700
1695
1601
2011
1551
2406
1694
1560
1629
1837
2273
1717
1509
2222
1736
2226
1735
1495
1568
1580
2448
1862
1690
2451
1876
2367
1887
1748
1697
2129
2772
1857
2056
1895
1760
2494
2090
1687
1580
1603
2357
1953
1957
1113
1587
2549
1631
1494
1463
1782
2504
1590
1842
2128
1609
2580
1610
1408
1862
1845
2359
1743
1773
1729
1610
2345
1647
1462
1601
1687
2522
1612
1869
1801
1750
2573
1716
1516
1569
1770
2801
1604
2731
1664
1785
2312
2201
1710
1776
1749
2037
1719
1911
1172
1733
2317
1683
1583
1746
1563
2669
1704
1876
1683
1768
2576
1650
1615
1940
1682
2787
1670
1831
1692
1824
2562
1608
1481
1634
1621
2535
1687
1805
1649
1745
2573
1799
1483
1975
1741
2399
2116
1953
1696
1835
2653
2236
1711
1675
2168
2489
1694
1136
1513
1505
2533
1735
1562
1266
1635
2530
1599
2044
1789
1552
2376
1744
1512
1681
1541
2601
1762
1862
1762
1562
2436
1643
1482
1747
1758
2542
1661
1774
1647
1598
2305
1815
1458
1818
1675
2550
1703
1852
1572
1767
1710
1975
1658
1822
1061
2263
1647
1157
1603
1526
2598
1766
1611
1745
1712
2605
1756
1867
1615
1476
2655
1762
1596
1720
1547
2575
1697
1770
1604
1515
2492
1838
1657
1614
1845
2332
1644
1913
1573
1685
2467
1843
1575
2003
1565
2561
1782
2059
1647
1882
2699
1826
1560
1774
1117
2589
2157
1875
1749
1560
2261
1780
1754
1744
1533
2550
1866
1994
1742
1554
2609
1718
1844
1773
1551
2392
1951
1615
1453
1651
2617
1675
1675
1616
1676
2671
1983
1989
1690
1654
2346
1709
1803
1800
1575
2402
1978
1666
1705
1749
2512
1807
1890
1706
1186
2219
1218
1676
1445
1530
2209
1738
1764
1564
1560
2654
1912
1721
1642
1507
2546
1669
1863
1637
1723
2625
1866
1735
1609
1880
2461
1663
1629
1794
2124
2600
1875
1685
1604
1488
2563
1592
2020
1777
1647
2532
1899
1981
1377
1659
2717
1639
1765
1000
1556
2568
1385
1603
1575
1539
2657
1641
1589
1583
1571
2828
2311
1758
1698
1521
2492
1713
1879
1750
1522
2658
2049
1706
1655
1815
2643
1763
1750
1791
1808
2670
1992
1639
1451
1527
2605
1859
2064
1720
1651
2700
1955
1676
1775
2194
2483
1665
1714
1307
1798
2486
1736
1700
1564
1462
2311
1644
1642
1488
1941
2292
1907
1598
1522
1548
2370
1837
1765
1489
1764
2362
1950
2043
1711
1570
2804
2033
1729
1916
1869
2765
2074
1642
1478
1461
2722
1383
2470
1723
1436
2411
1972
1566
1811
2125
2293
1695
1472
1074
1737
2514
1175
1626
1655
1652
2366
1815
1656
1521
1799
2481
1913
1674
1545
1787
2495
1955
1750
1621
1530
2563
1708
1356
1533
1789
2601
1757
1582
1696
1546
2805
1832
1703
1525
1464
2461
2041
1725
1679
1602
2400
1700
1640
1882
2173
2367
1919
1703
1333
1629
2421
1614
1652
1571
1416
2546
1768
1672
1424
1403
2397
1640
1406
1449
1509
2420
1873
1523
1515
1500
2330
1763
1555
1485
1480
2572
1751
1577
1727
1553
2439
2117
1508
1468
1386
2467
1930
1781
1640
1990
2514
1732
1714
1630
2206
2330
1819
1134
1425
1548
2385
1877
1634
1461
1531
2593
1600
1587
1443
1444
2586
1963
1629
1647
1519
2567
1827
1619
1496
1452
2717
1728
1499
1489
1472
2686
1770
1754
1630
1471
2514
1798
1616
1456
1381
2411
1978
1653
1532
1537
2629
2077
1321
2157
