5121
2996
2838
1794
1800
1717
1435
1620
1691
2487
1851
1654
2189
1844
1650
1719
1530
2469
1629
1633
1668
1419
2775
2498
1433
1674
1585
2126
1690
1535
1724
1875
2448
1632
1546
1451
1556
1957
1579
1430
1781
1697
2163
1535
3326
1932
1614
1604
2803
1764
2542
2438
2042
1982
1668
1816
1839
1544
1765
1897
1631
1671
2023
2092
2515
1452
1914
2034
1784
1723
2050
1903
2804
2093
1783
1470
1698
1789
1662
1343
1354
1752
2914
2061
1568
1407
1660
1613
1506
1422
1415
1405
2215
3316
2554
1604
1673
2623
1776
1576
2599
1825
2160
1810
1568
1358
1669
1710
2428
2467
1675
1531
2139
1950
1981
1698
2126
1735
1526
1518
1476
1378
2039
1866
1872
1662
1861
1726
1648
1658
2338
1514
1970
1902
1892
1437
1706
1614
1503
1610
1450
1322
1971
3059
2101
1795
1687
2834
1544
1507
2604
1788
2398
1797
1850
1270
1603
1562
1929
1614
1407
1314
1931
2162
1944
1726
2995
2503
1811
1549
1902
2974
8785
1590
2054
1544
2104
1640
1859
1609
1828
2095
1610
1568
1668
1713
1873
1593
1484
1425
1460
2092
1814
3404
1969
2300
1760
2748
2123
2656
2092
2076
1732
1661
1374
2347
1816
2110
3173
1869
1415
1953
1678
1998
1527
1712
2222
1954
1743
1617
1544
2283
1793
1754
1561
1886
1878
1514
1670
1440
2222
1746
1608
1946
2582
1943
2769
1789
1546
1472
1410
2020
3215
2124
1534
1803
2508
2024
1605
2547
1840
2085
1596
1522
1307
1946
2296
1735
2108
1640
1492
2118
1728
2524
1670
2317
1832
1813
1740
1609
2105
2637
1842
1802
1456
1536
1866
1403
1589
2656
1634
1945
1557
1448
1382
1872
1786
1573
1697
1475
1414
2012
3062
1854
1576
1758
2726
1857
1618
2431
1866
2141
1764
1435
1539
1624
1760
2730
2032
2068
1724
2092
1868
1743
1468
1950
1972
1667
2290
1927
2049
2580
1747
1594
1430
1610
1709
1490
1548
2036
2279
2341
1748
1503
1445
1824
1580
1642
1427
1501
2300
1674
2964
1798
1755
2544
2896
1885
2311
1967
2322
1104
1446
1361
1782
2002
2010
1998
1654
1496
1998
1929
1869
2045
1968
3267
1755
2585
1480
1608
2400
1863
1717
1544
1682
1519
1512
2112
1526
1849
1950
1688
1521
1335
1531
1864
1472
1370
1663
1461
2140
3183
2542
1563
1598
2211
1720
1491
2109
2014
9157
1708
1661
1311
1904
1554
2242
1860
1917
1527
1761
1576
2278
1527
2015
1621
1680
1519
1941
1795
2056
1656
1627
1591
1776
1599
1504
1370
1738
1507
1840
1573
1552
1643
1751
2058
1471
1454
1577
1437
1974
2900
1913
1866
1997
2278
1746
1705
2227
2062
2128
1611
1210
1327
1861
1677
1780
1675
1560
1919
2089
1767
1696
1947
2166
1733
1481
1537
1424
2120
2639
1643
1580
1715
1918
1807
1556
1506
1903
1711
1927
1716
2956
2005
2172
1795
1424
1425
1540
1664
2346
3132
2088
1735
1513
3034
1659
2845
2594
2121
1886
1457
1343
1483
1550
1896
2554
1774
1550
1916
1713
1704
1515
1712
1969
1590
1921
1594
2078
2637
1876
1502
1610
1837
1682
1451
1709
1579
1808
1821
1910
1572
1489
1662
1749
1468
1854
1502
1448
1957
2851
2193
1693
1686
2399
1698
1425
2026
1540
2000
1757
1706
1386
1780
1508
1501
1569
1593
1568
1993
1894
1823
1542
2420
1795
1530
1855
2006
1616
2553
2027
1725
1558
2211
1620
1635
1553
2069
1596
2634
2083
1601
1470
1674
1507
1595
1621
1424
1589
2430
3242
2083
1403
1793
2635
1717
1416
1719
1689
1357
1713
1815
1457
1939
1453
3236
2483
1574
1429
2287
1591
2582
2217
3447
2188
1735
1460
1479
2118
2536
1985
2406
1863
7774
1416
1572
1436
1932
1628
2295
1545
1678
1616
1608
1451
1433
1481
1442
1458
1875
3362
2563
1921
1668
2329
2108
1775
2112
1742
2182
1714
1775
1768
1580
1846
2168
1656
1474
1427
2176
1954
1656
1726
2243
1810
1660
1427
1421
3614
2130
1863
1864
2756
1930
2118
1686
1638
1966
2331
1862
1843
2214
2355
2840
1944
1909
1719
1698
2276
4475
3014
1988
2213
2783
1692
1554
1446
1426
2467
1727
1482
1504
1952
1623
2518
2183
1663
1423
2145
2483
1780
1600
2706
1909
1549
1489
1785
1686
2465
1848
1736
1465
1701
1601
1410
1426
2109
1129
1994
1460
2904
1949
1507
1885
1599
1558
1667
1517
1878
2696
2099
1832
1779
2263
1614
1431
1410
1297
2015
1507
1272
1408
1651
1741
1810
1651
1506
1448
2043
1676
1742
1493
2127
2029
2070
1605
1335
2131
2548
1690
1328
2308
1564
1857
1723
1656
1532
1382
1783
1551
1430
2196
1711
1813
1871
1484
1336
1345
1972
2720
2046
2023
1554
2389
1686
1451
1901
1455
1959
2217
1740
1368
1424
2728
2514
2232
1712
1501
2533
2117
1675
1709
1936
1475
1699
2260
1705
1684
2585
1966
1573
1552
1504
1442
1792
1528
3050
2825
4458
2399
2460
2110
2135
1660
1737
1700
1750
2007
1773
2633
2168
1917
2199
1750
1688
2242
1847
2086
1704
1449
1496
1698
1506
1341
1861
1829
1519
2356
1942
1810
2368
2112
1896
1870
1580
2027
1488
2509
1788
1650
1660
2283
1438
1456
1422
2161
1647
2266
1751
1692
1570
1616
1532
1527
1530
1819
1524
1848
3115
1890
1684
1672
2642
1902
1531
1788
2600
2153
1848
1487
1455
1514
1442
2326
1839
1900
1537
2355
1943
1858
2617
2541
1662
1567
1582
1628
2480
2236
1545
1864
1823
1541
1596
1532
1416
1922
1513
2152
1655
1664
1706
1681
1505
1480
1391
1617
1448
2106
3705
2114
1869
1921
2692
1774
1841
2271
2006
2074
1580
1537
2148
1366
1927
1712
1491
1399
1678
2141
2027
1579
2025
2470
1588
1663
1528
1406
2468
2110
1712
1693
1940
2038
1560
1648
1428
1878
1775
2584
1964
3874
2196
2753
2084
1798
1562
1511
1773
2804
3098
1818
1884
2586
2145
1495
2665
1879
1876
2417
1616
1419
1412
1599
1422
2817
1930
1680
1779
2952
1929
1525
2463
2052
2046
1884
1302
2527
3161
2132
1471
1561
1799
1651
1686
1576
