7617
2180
1821
1663
1554
1974
2711
1524
1546
1429
1317
1265
1806
1585
1619
2092
1571
1397
1885
2928
2311
1512
1763
2189
1640
1721
8779
1574
1574
1346
1311
1360
1424
1562
1271
2074
1629
1373
1566
1490
1653
1509
1955
2269
1824
1947
1544
1707
1604
1588
1357
1375
1658
1476
1529
2251
1521
1411
1287
1488
1391
1275
1592
1301
1476
1937
1928
1759
1645
2913
1873
1562
1599
2279
1656
1973
2224
1603
2257
1555
1269
1370
2108
1808
1851
2319
1501
1399
1289
1509
1872
1436
6405
1694
1652
2240
1511
1770
1869
1618
1369
1389
1756
1297
1896
1815
1839
1352
1304
1621
2494
1876
2301
1534
1884
1726
1664
1440
1691
2752
1755
1520
1562
2266
2052
2387
1977
1498
1319
1666
1191
1187
1973
1328
2285
1529
1582
1392
1299
1586
1682
1835
1714
1441
1910
1363
2187
1814
2485
1124
1399
1497
1349
1466
1817
1742
1518
1491
1452
1327
1445
1541
1424
1382
1826
1576
1588
1603
3181
2129
1703
1600
2310
1601
1970
2080
1766
1365
1636
1443
1175
1765
2103
1886
2752
1696
1432
1626
1617
1596
1673
1794
1474
1811
1811
1483
1687
1373
1542
1504
1346
1589
1395
1323
2378
1557
1448
2130
1644
1763
1464
1635
1482
1462
1718
1590
1507
1593
2930
1928
1660
2371
2073
1625
2068
1575
1353
1283
1252
1307
1633
1877
1653
1528
1683
1417
1277
1293
1466
2311
1647
3038
1732
1495
1886
1345
1561
1294
1267
1419
1560
1885
1444
1447
2412
1430
1295
1259
1196
1340
1522
2266
1872
1328
2108
1646
1242
1678
2600
1678
1429
2451
2091
1877
2176
1797
1512
1178
1207
1225
1405
2282
1640
2111
1630
1308
1296
1301
1407
1415
1801
1904
1766
1928
1490
1601
1384
1348
1326
1330
1576
1456
1565
2044
1689
1544
1406
1339
1250
1256
1399
1410
1774
1772
1463
1349
1648
2600
1814
1463
1872
1947
1898
1867
2107
1556
1355
1482
1348
1200
1425
1551
1383
2034
1639
1481
1244
1277
1740
1475
2027
1750
1597
1966
1968
1773
1645
1472
1351
1456
1673
1667
1777
2368
1945
1574
1448
1280
2369
1748
1644
1377
1514
1940
1705
1482
1620
2452
1802
1424
1599
2132
1561
2240
2038
1640
1370
1378
1360
1576
1555
2138
1709
1763
1698
1500
1289
1228
1913
1432
1806
1825
1460
1778
1933
2047
2524
1793
1716
1210
1409
1477
1165
2055
1591
1508
1383
1258
1324
1178
1577
1593
1391
1866
1531
1567
1927
2764
1597
1685
2652
2351
1551
2498
2546
1541
1638
1401
1254
1500
1357
1303
1921
1981
1539
1394
1548
1687
1526
1976
1505
1642
2279
2395
1734
1393
1455
1200
1218
1372
1237
1579
2079
1769
2164
2614
2309
2145
1591
1529
1430
1420
1754
1633
1657
1348
3341
2048
1542
1585
2824
7710
2138
1536
2436
1744
1642
1724
1488
1317
2444
2228
2885
1583
1568
1324
1382
1561
2057
2695
1736
1421
2193
1738
2169
1371
1287
1500
1498
2252
1460
5978
9622
1629
1567
1464
1420
1373
1516
1551
1434
1308
1813
1410
1572
1891
2999
1721
1522
1889
2295
1510
1832
2272
2083
1718
1426
1329
1944
1870
1287
1516
1903
2322
1611
1709
1330
1507
1325
2000
2017
1629
1857
1769
1666
1638
1591
1532
1335
1468
1524
1366
1955
1595
1455
1418
1231
1219
1283
1589
1797
1434
1902
1607
1527
1898
3206
1753
1484
2229
2661
1683
2097
2350
1521
1589
1416
1177
1286
2216
1649
1697
2009
1562
1427
1457
1573
1454
2343
1469
1412
1539
1965
1625
1412
1720
1476
1439
1489
1423
1514
1437
1985
1743
1583
1493
2169
2505
1892
1739
1398
1677
1740
1310
1278
2534
2072
1586
1736
2309
1563
1848
2098
1688
1429
1490
1483
1328
1624
1381
1280
1974
1655
1991
1495
1400
1722
1435
2375
1357
1341
1840
1509
2576
2512
1574
1676
1314
1565
1397
1390
1797
1564
1649
1506
1379
1926
1263
1652
1547
1324
1761
1546
1427
1456
3005
1965
1542
1711
2837
1766
2256
2014
1396
1755
1343
1436
1324
2572
2159
2548
2926
1708
1473
1508
1454
2423
1692
2210
1430
1652
2412
1584
1643
1553
1414
1274
1846
1664
1495
1897
2596
1956
1396
3049
1793
2202
1789
2758
1526
1264
1873
1470
1386
1660
3274
1963
1774
1774
2501
1542
1911
2272
1527
1400
1461
1618
2184
1524
1218
1477
1990
1522
1352
1286
1488
1574
3455
1695
1408
1567
1941
1652
1449
1508
1399
1516
1674
1426
1345
1313
2139
1571
1327
1392
1279
1618
2227
1717
1473
1283
1564
1312
1404
3041
2458
1496
1800
2121
1649
1351
2211
1555
1428
1194
1300
1207
1634
2441
1846
1805
1839
1603
1478
1621
1505
1495
1987
2113
1994
1969
1452
1569
1296
1319
1360
1409
1725
1673
1348
1820
1681
1414
1343
1412
1488
1276
1505
1880
1388
1954
1491
1411
1687
2744
1899
1741
1900
2192
1678
2420
2077
1464
1114
1324
1172
1228
2016
1970
1775
1972
1574
1415
1342
1553
1727
1376
2043
1606
1864
2043
1555
1679
1506
1493
1492
1336
1535
1385
1656
1978
1591
1933
1501
1378
2428
1615
1850
1569
1680
1839
1503
1266
1623
2627
1682
1632
1525
2734
2073
1930
2114
1721
1771
1469
1285
1508
1431
2075
1835
3001
2242
1413
1457
1646
1477
2826
1467
1413
2457
2257
2382
2579
1571
1344
1201
1900
1260
1203
1441
1840
1809
1423
1330
1483
1524
1996
1845
1593
1501
2920
1790
1585
3164
1848
1696
1670
3484
2174
1139
2604
1916
1784
1526
1444
1496
1567
1412
1361
2083
2172
1594
1531
1883
1872
1529
2404
1759
1524
2015
2107
1838
1687
1574
1472
1368
1686
1466
1338
1254
2064
1445
2214
1640
1356
1292
1443
1618
1457
1690
1691
1381
1663
2980
1960
1466
1573
2524
1683
2931
2310
1535
1333
1471
1208
1470
1851
2126
1723
1887
1585
1622
1476
1973
2126
1593
1868
1349
1291
1803
1079
1796
1507
1388
1590
1378
1440
1337
1389
2646
1895
1738
1393
1315
1605
1340
2648
1345
1296
1771
1416
1477
1592
2803
1835
1664
1848
2417
1605
1856
2083
1719
1396
1615
