9190
5113
2232
2151
1867
2275
1952
1765
1600
1705
4621
4430
2712
2003
3125
2466
2260
4152
1868
1720
1606
2412
1768
1730
1854
2609
3547
2771
2479
1824
2128
2924
1950
3002
2419
1978
2753
3142
2776
2366
2190
3148
1867
1604
2178
1912
2034
1932
2117
1743
1867
2408
2195
2022
1953
2099
1767
2177
1835
1703
3749
3437
2179
1840
2684
2368
2657
2605
2570
1902
1846
2645
1606
1703
2118
3394
1929
1678
1977
2397
1949
2868
2388
2437
1871
2596
2522
1729
8250
2191
1314
2784
2165
2969
2576
2666
2879
3775
2832
2015
1782
2850
2588
3185
2730
1895
2289
1739
1678
1908
4737
3541
2559
2568
2132
1924
2396
2934
2024
1555
2686
2310
1406
1777
2101
2959
2455
2262
2251
2149
3088
2107
2778
1860
1774
1681
2268
1855
2698
2466
3029
2688
2211
2009
1801
1670
2399
2151
1856
1656
3128
2939
2175
2479
2341
2002
2306
2846
1780
4079
2987
2418
2886
3353
1837
3772
3261
2663
2454
1911
2119
2760
2356
1803
2704
1677
1896
1987
2081
2046
2870
2207
2599
2005
1869
1761
1701
2101
2122
1804
3004
2158
2020
1995
2084
1823
2012
2004
1738
1716
2595
1946
2072
2037
1660
1937
1812
1785
1683
3931
3919
2302
2306
2920
2234
2542
2742
2180
2113
1985
2968
1977
1551
1777
2234
2548
2158
1725
2804
1686
2305
2294
1962
1975
1922
1778
2275
2132
2438
1734
3176
1906
2239
1804
1979
1710
2338
1608
1858
3791
2100
1999
1795
1653
2293
1798
1644
1533
1878
3712
2594
1974
4694
3819
2501
2076
1842
1749
1651
2224
2720
1975
1894
2043
2381
2140
2163
1640
2156
2559
2021
2387
1951
1926
2291
2267
2046
2101
1937
2560
2147
2238
2092
1861
1709
1705
1588
1633
1649
2495
2503
2222
1772
1656
1560
1734
1999
2066
4703
2997
2633
1892
3133
2864
2933
2103
1917
2190
1790
3336
3687
1525
2924
2969
2353
2200
1413
1858
1818
3292
2172
2507
2076
2664
2390
2074
2131
2984
1698
3019
2596
2501
2137
2173
1815
2410
2942
2263
1755
2859
2593
3029
2125
1808
1898
1635
2170
2221
4562
3007
2204
2482
3489
2209
1800
3698
2378
1674
2177
3442
3085
1668
1540
2455
1583
1642
2139
2201
1912
2506
3137
2213
1690
1745
1551
1548
2031
2018
8302
2507
2394
2034
1886
1938
2531
2211
1790
1641
1565
3349
2005
1948
1689
1618
1954
1685
1685
3159
3100
2738
2157
2628
1986
1742
2421
2047
2195
1635
1730
1763
2387
2690
2789
2657
2674
1995
1801
1831
1753
2602
2410
2077
2047
1926
1880
1842
1993
1733
1635
2394
2205
2032
2025
1729
1708
2048
1764
1945
1716
3034
1831
2025
2118
1803
1794
1744
1636
3469
2265
2573
1731
2601
2156
1929
2518
2106
1854
1929
2654
2313
1345
1614
2394
1791
1547
8213
1698
1874
2461
1750
2437
1673
1797
2180
1680
2043
2034
1826
2412
2073
1924
1772
2166
2027
1820
1987
1749
3349
2827
2052
2274
1834
2126
2403
1819
1879
1678
3356
2655
1971
1805
2728
2114
2459
1975
1746
1911
1401
2421
2123
1635
1840
2444
2472
2162
1896
2377
1877
2522
2496
1880
2042
2060
3255
2903
3799
1753
1762
2522
1682
1822
1833
1659
2005
2460
2086
1822
1804
3137
1971
1698
1581
1624
1630
2089
2099
1840
4077
2752
2109
2822
2158
2002
1686
2669
2254
1949
1712
2368
1682
1648
1875
2283
2105
2084
2067
1873
1833
2361
2368
2077
1736
2216
1912
1965
2360
2308
1530
2337
1992
2387
1854
1847
1845
3237
2197
1962
1787
2315
2235
1716
1745
1798
1645
1989
1832
3449
2139
2394
1822
2388
2714
1806
2235
2145
1193
1649
2004
2461
2100
1600
2623
1619
1783
1831
1977
1734
2261
2545
1766
2608
2373
2150
1777
1647
2278
2065
1965
2448
1806
1796
1678
1540
2143
1951
2253
1729
2721
2099
2071
1842
1653
1506
1580
1676
7642
5065
2978
2242
2005
3260
2023
1827
2794
2058
2018
1690
2957
1731
1923
1775
2689
1654
1801
1681
2084
2115
2807
2558
2141
1759
1659
1598
1577
2006
1760
2093
2240
2169
1852
1880
2414
1655
2050
1710
1627
1848
3131
1878
1816
2060
1729
1695
1712
1650
1576
3914
2683
2104
2403
1940
1881
1619
2577
1881
1695
1871
2623
1576
1595
2019
2534
2767
2093
1805
2003
2133
2392
2266
1847
1798
1734
1743
1936
2018
1852
1722
2514
1894
2115
1843
2235
2415
2291
1685
3845
2082
3428
2096
1981
1690
1992
1812
1842
1918
3282
2254
3385
2249
3028
2421
2064
2558
2498
1895
2185
2705
2920
2306
1357
1947
1910
1740
2227
1869
1814
1809
2179
2656
2082
1861
2010
2844
2480
2262
2229
2131
1791
2116
1996
1860
1872
1782
2306
1908
1848
2053
2362
2117
1940
1869
1700
1806
1852
2025
4220
2804
2353
2108
3313
2636
2118
2229
2777
2277
1869
2350
2126
2055
2285
3326
3629
2656
2320
3372
2984
3244
3990
2716
2241
2718
2452
2657
2221
3027
2593
3995
2279
2322
2729
2056
2083
3249
2238
1544
2166
2693
2195
1805
1941
2014
2071
2838
1835
1692
4454
3621
2290
3539
2588
1977
1692
2543
1274
2495
1777
2098
2381
1888
2356
2161
1952
1765
2221
1799
1764
2826
2519
1938
1688
2451
2582
1599
1933
1716
1615
3266
2096
1786
1771
2298
1834
1763
1589
1719
1710
3443
2322
1886
1731
2020
1749
1593
1664
3324
2252
2510
1924
2407
2014
2020
2872
2325
1986
1756
1917
1898
2444
2203
2283
2399
2428
1989
1703
2007
1898
2398
2406
1909
1777
2660
2774
1806
2521
1813
1890
2522
2446
1791
1895
1912
3297
3167
2336
1988
2194
3000
2218
2052
2390
2149
2228
1699
1617
3831
2557
3166
1897
2485
2169
2815
2943
2322
2017
2231
1683
2580
1912
1809
2148
3356
2256
1972
1813
1772
1993
2388
1989
1756
1971
1937
2592
1869
2700
1883
2697
2194
1969
2247
1994
1894
2143
1980
3061
1827
2503
2337
1692
1753
1664
2174
2230
1940
1647
3789
2844
2379
3751
2740
1925
1797
2950
2449
2351
2004
2671
2076
1569
1968
2216
2379
2185
2324
1961
