3032
3147
1781
2086
1558
1370
1456
1846
2951
1720
1629
1777
1441
1595
1430
1263
1419
1832
2432
1570
1593
1560
1400
1373
1343
1568
1314
1459
2114
1937
1608
1361
1596
1482
1378
1257
1277
1230
2767
1743
1636
1452
2180
1428
1368
1991
1452
1598
1627
1696
1373
1386
1848
2098
1657
1459
1549
1880
1866
1516
1751
2042
1618
1607
1489
1998
2449
2086
1877
1504
1510
1420
1381
1500
1350
1587
1297
1591
1491
1333
1453
1508
1398
1297
1530
1322
1305
1724
2620
2014
1700
1600
2303
1609
1972
1977
1512
1713
1495
1020
1703
1367
1291
1771
1668
1579
1279
1694
1551
1748
1767
1347
1465
1862
1626
1439
1633
2062
1695
1785
1555
1332
1342
1369
1281
2138
1787
1856
1531
1661
1512
1540
1365
1331
1286
1390
1350
2520
2089
1864
1607
2571
1569
1396
2192
1562
1636
1908
1538
1454
1341
1341
1631
2170
1998
1908
1684
2407
1555
1658
2621
1442
1485
1324
1250
1275
1609
1897
2606
1669
1673
2014
1135
1183
1194
1697
1344
1813
1528
1518
1629
1353
1374
1364
1340
1401
1266
2676
1853
1669
1525
2349
1538
1289
2210
1597
1745
1952
1577
1267
1414
2237
1709
1435
1481
1289
1408
1892
1705
1858
2223
1499
1468
1356
1229
1626
2035
1692
1440
1640
1482
1694
1422
1360
1673
1620
1788
1450
1330
1709
1473
1664
1487
1531
1246
1342
1745
2715
1807
1642
1674
2357
1869
1792
1479
1458
1748
1441
1351
1125
1539
2300
2527
1697
1476
1334
1748
2159
1585
1827
1646
1544
1519
1414
1219
1781
1925
1693
2097
1645
1483
1499
1513
1283
1582
1345
1894
2949
2428
1844
1756
1478
1537
1363
1409
1367
3226
2335
1777
1596
2317
1691
1568
2097
1935
1009
1557
1315
1393
1339
1300
1655
1755
1303
1284
1309
2291
1517
1607
1800
1458
1373
1684
1985
1769
2199
2041
1507
1092
1418
1317
1305
1617
1531
1850
1288
1862
1526
1544
1428
1336
1505
1302
1677
1402
1404
2868
1605
1678
1368
2512
1596
2113
1882
1403
1328
1692
1192
1330
1359
1382
2795
1973
1663
1527
1293
2030
1565
1547
1579
1593
1854
1499
1554
1891
1380
1690
1236
1445
1403
1298
1483
1341
1734
2303
1620
1799
1369
1630
1591
1323
1478
1432
1441
1431
1939
2725
1809
1678
2366
2015
1499
1474
2058
1548
1970
1605
1423
1520
1294
1323
1723
1460
1518
1545
2161
1647
1903
2145
2122
2245
2231
2120
1697
1977
1896
1789
2548
2081
1566
1661
1432
1605
1687
1540
1801
1577
2139
1677
1441
1338
1453
1332
1313
1318
2410
1976
1884
1472
1988
1586
1394
1621
2174
1817
2321
1594
1948
1131
1448
1473
2080
1585
1494
1459
2118
1557
1708
1790
1524
1478
1401
1252
1240
1592
2189
1549
1463
1757
1512
1377
1369
1333
1573
1355
1978
1565
1551
1695
1416
1283
1338
1299
1288
1235
2762
1682
1629
1624
2074
1853
1480
2069
1451
1326
1799
1574
1308
1453
1455
2383
1754
1485
1630
2026
1914
1922
1716
1713
1526
1514
1381
1176
1784
1490
1964
1592
1617
1715
1544
1460
1245
1677
1384
1286
3357
2063
1895
1801
2330
1945
1604
1245
1894
2065
4728
2035
1587
1358
2162
1744
1972
1534
1570
1359
1889
1311
1445
1502
1260
2537
1660
1396
1464
1886
2018
1569
1886
1456
1519
1418
1449
2033
2434
1867
1549
1715
1285
1404
1271
1413
1549
1681
1632
1977
1692
1641
1638
1395
1387
1283
1304
1298
1151
2871
1815
1746
1848
2367
1603
1389
2046
1741
1277
1894
1156
1574
1719
1446
1667
1444
1371
1368
2145
1965
1645
1598
1935
1549
1273
1875
1342
1455
1518
1350
1730
1616
1671
1519
1469
1375
1407
2080
1796
1763
1714
1746
1615
1804
1605
1450
1256
1351
1405
2637
1699
1596
1459
2177
1458
2456
1980
1450
1575
1865
1711
1006
1346
1513
2435
1903
1399
1463
1389
2244
1763
1627
2008
1606
1416
1379
1310
1687
1580
2043
1479
1633
1313
1575
1337
1385
1675
1473
1339
2139
1431
1686
1326
1492
1377
1298
1302
1369
1281
3137
1964
1780
1524
2439
1709
2148
1551
1456
1716
2074
1765
1089
1332
1160
2046
1570
1301
1371
1488
1698
1574
1884
1537
1391
1514
1325
1291
1570
1487
2301
1719
2285
1691
1480
2371
1658
1665
1427
2055
2051
1770
2360
1733
1368
1461
1351
2205
1794
2671
2527
1729
1261
2225
1850
2088
2178
1699
2305
1994
1350
1398
1721
1513
1721
2442
1955
1517
2208
2220
2253
2122
1667
1781
1347
1463
1463
2096
1711
1932
2399
2051
1330
1299
1484
1365
1525
1591
1365
2834
1798
1466
1829
1595
1536
1443
1188
1580
1596
2597
1664
1683
1422
2238
1479
2705
2481
1593
1764
1935
1451
1442
1555
1437
2542
1874
1460
1488
1504
1802
1568
1699
2620
1503
1520
1592
2680
2164
1235
2047
839
1482
1560
1527
1377
1258
1957
1560
1382
1744
2218
2071
1379
1301
1192
1291
1368
1390
1590
2731
2037
1521
2719
2510
1729
2280
2173
1258
1319
2068
1790
1609
1356
1368
2316
1716
1281
1479
1626
1754
2136
1805
1463
1424
2167
1502
1421
1725
1622
1323
1808
1594
1612
1676
1297
1335
2422
1629
1738
1817
1495
1508
1399
1284
1280
1378
2056
1665
2903
2612
1694
1550
2568
1501
1365
2016
1649
1478
2433
1563
1630
1576
1448
1642
1362
1307
1339
1249
1907
2343
1669
3003
1533
1410
1427
1299
1288
1748
2584
1641
1731
1322
1412
1328
1782
1581
1935
1444
1835
1819
1757
1479
1248
1853
1291
1185
1246
1260
2449
1726
1889
1455
2379
1575
1325
2178
1664
1274
1865
2067
1397
1552
1302
1827
1941
1577
1373
1319
1824
1630
1596
2072
1400
1324
1312
1319
1945
1329
2014
1743
1760
1720
1370
1344
1415
1553
1534
1316
1807
1583
1458
1503
1359
1293
1477
1282
1280
1264
2858
2104
1550
1534
2366
1874
2183
1604
1432
1218
1943
1801
1563
1291
1387
1792
1837
1490
1423
1596
1680
1636
2449
1611
1666
1594
1393
1377
1682
1509
1686
1642
1734
1519
1701
1487
1405
1720
2727
2195
2849
1970
