4825
2634
1366
1145
921
1125
1503
1140
1048
922
871
932
1330
1220
1112
1186
1621
1208
944
926
1127
981
1037
1281
844
1056
1318
1125
940
935
875
878
1117
2120
1447
1184
1193
1675
1351
1997
1901
1183
1214
1119
853
1095
1442
1078
928
1233
1292
1112
1220
1108
926
957
1623
1174
1208
1035
1460
1245
1290
1121
1567
1251
1850
1268
1116
1108
1772
1219
1280
1040
1020
923
1644
1232
1036
970
944
832
1172
2107
1650
1214
1595
1657
1216
1210
1078
1596
1638
1168
1108
970
1218
1077
1016
1229
1292
1066
1095
1046
947
927
1358
1277
1070
1052
1025
1373
1168
1184
1820
1608
1303
1170
1071
1010
1076
1094
981
1009
939
905
2388
1059
976
983
952
1030
2204
1585
1150
935
1785
1216
978
1789
1333
1376
1039
997
748
826
1595
1197
1344
1142
1278
1277
1090
1000
1108
1242
1169
1216
1015
1032
1198
1952
1225
1010
1327
1371
1160
1275
1726
1584
1214
1156
1206
1032
896
1304
1074
1047
698
862
1188
1118
1832
1422
1226
1332
1619
1484
1605
1519
1496
1278
1096
1001
785
1249
1338
1224
1266
1187
1206
1208
1125
1027
967
1380
1104
1330
1015
1019
1016
1144
1020
976
1095
1305
1220
913
1087
1752
1198
1354
1362
977
1024
1333
1030
1016
1040
926
850
1012
1808
1535
1136
1489
1639
1139
1129
1772
1173
1205
1439
710
866
1112
1054
1366
1541
1414
1252
1116
1037
941
888
1272
1096
1166
1191
1615
1703
1431
1562
1091
986
1343
1345
978
1058
1057
1177
1076
981
949
883
1124
1154
1109
1146
974
1203
1104
1943
1195
1061
1721
1301
1086
1839
1351
1158
1086
899
751
1004
1389
1066
992
1115
1464
1184
1030
991
948
914
1598
1165
1041
951
1166
1202
1481
1119
1083
1040
1154
1150
945
933
946
993
1206
928
910
920
1253
965
960
947
1083
1445
2076
1414
1344
1007
2395
1639
1151
2009
1892
1412
1252
1020
931
1758
1823
1331
1849
1552
1565
1940
1234
959
1143
1565
1121
1532
1018
971
1564
1081
1013
983
1776
1947
1174
1085
1088
879
945
1403
1110
959
850
1346
938
899
1003
948
872
1303
2090
1561
1158
1302
1619
1125
1042
928
1694
1627
1166
1024
1074
1073
930
899
1126
1342
920
1425
1197
957
826
1554
1154
1203
1122
933
1098
1211
1053
1030
981
1221
1104
1815
1135
1636
1037
1194
1344
1218
889
1356
1086
621
805
841
1441
1318
2539
1406
1037
1513
1643
1243
2353
1780
1316
1123
1220
956
846
1421
1136
1047
1167
1585
1479
1117
1237
1048
909
1569
1110
1074
879
1453
1211
1590
1278
1157
944
1304
1204
933
927
1792
1506
1246
1129
1137
1043
1339
1299
1078
1017
958
1122
926
2065
1184
1019
1581
1319
1073
1808
1248
1409
1486
1209
1165
822
1295
1478
1451
1142
1142
1185
949
1036
925
964
1272
1266
1029
899
992
1021
1026
1171
1136
944
1297
1173
1021
938
964
1383
945
1058
1138
1041
1469
988
953
841
956
1056
1936
1537
1163
1277
1488
1273
1025
911
995
1902
1223
1158
1161
1205
997
983
1235
1187
1052
1260
1077
952
1092
1558
1127
1078
915
1526
1110
1177
985
1073
1014
1344
1038
992
1237
1081
948
1134
955
901
991
1308
1192
1180
1187
929
1519
2325
2099
1731
1431
1311
1619
1290
1744
1288
1520
1311
938
782
978
1809
1462
1055
1156
1249
1106
1104
1135
1094
962
1486
1352
1162
1100
896
1193
1422
1017
1620
1392
1667
1371
1131
1155
1060
1180
1197
1076
1079
1061
1466
1145
982
969
971
1064
1119
1973
1364
1089
1468
1703
1145
1815
1285
1594
1193
1075
1100
780
1397
1144
1201
1063
1363
1251
1231
956
904
928
1292
1111
989
956
1386
1322
1131
1037
994
926
1298
1832
1171
1434
1246
1285
1104
1546
1020
775
1439
1228
1128
1001
1309
1093
1700
1463
1096
965
1445
1460
1159
907
1756
1506
1058
969
955
767
1324
1252
1262
1387
1121
1019
1029
878
942
1007
1349
1312
970
986
900
1130
976
1131
974
1015
1726
1213
1008
2044
1137
1081
1134
886
1180
878
1326
1330
747
1141
876
1140
2020
1539
1147
1240
1556
1277
906
1939
1014
1049
1335
1090
899
1286
1112
1644
1463
1383
1192
994
982
1106
1078
1164
1214
1109
1165
1475
1266
1422
1231
1018
1058
1340
1260
1021
1012
988
1011
1016
1622
1473
997
1239
1069
1071
1063
949
1283
995
1975
1374
999
1155
1736
1373
1700
1962
1409
1191
959
925
990
1171
1120
1197
970
1458
1305
1116
1056
931
921
1238
1104
1249
915
967
1278
1274
918
1122
907
1212
1041
1052
924
980
1036
1185
905
1045
947
1305
1036
1036
1052
1073
1173
1212
1856
1396
1013
1734
1390
1068
886
1764
1445
1128
1112
886
994
1253
1269
1311
1025
1271
1328
1117
1097
1292
1162
1402
1253
1201
1955
1694
1602
1298
1290
1638
1287
1889
1355
989
1242
1075
1176
1045
1062
835
831
1515
1311
939
915
834
1453
1975
1469
1323
1364
1744
1260
1024
1712
1134
1175
1079
1015
692
1015
1413
1089
1205
1571
1098
2294
1793
1498
962
917
1312
1127
973
837
904
1851
1266
1104
943
888
1290
1721
1470
1635
1237
1150
1007
1068
902
924
1547
1482
968
921
1230
1204
1853
1269
1064
1564
1522
1321
1127
2022
1361
1148
991
920
1020
1241
1081
874
1700
1318
1329
1071
1085
1012
1011
1405
1290
984
1080
1460
1290
1102
1091
1562
937
1551
1030
1078
1046
1700
1420
979
1243
1075
957
1420
1040
1018
966
932
1109
1289
1777
1366
1169
1295
1810
1302
1142
1757
1442
1495
1361
1054
765
1290
1455
1494
1161
1171
1129
799
1023
1601
1208
1433
1068
1155
1381
994
1174
1066
1108
1000
1000
1413
1173
1108
921
906
945
1011
853
1064
1075
1784
1281
834
