7415
4084
3917
2428
1753
3480
3018
2515
2875
2020
1742
1648
1641
1902
1123
1599
1936
2503
2468
1806
1537
1442
1371
1426
1689
1567
1483
1899
2187
1890
1664
1572
1500
1710
1590
1587
3080
2482
2067
1593
1496
1384
1590
1361
1669
949
1402
1966
2053
1759
1999
3427
1997
1701
1615
2657
2034
2150
3199
2221
1725
1513
1412
1415
2254
1725
2072
2703
1751
1564
1857
1668
1525
1424
1944
1676
1609
2330
1834
2040
2373
1629
1611
1742
1708
1631
1745
2473
1859
2405
1731
1911
2130
1926
1895
1855
1962
3557
2607
2997
2440
2969
1763
1534
1596
2390
1857
2987
2622
2070
1718
1488
1009
1507
1569
2057
1658
3052
1978
2096
1761
1662
1390
1478
1689
1728
1619
2264
1799
1866
2008
2343
1659
1287
1627
1404
1514
2358
1815
1802
1660
1473
1393
1395
1969
1846
2237
2139
2115
1950
1949
2818
1840
1516
1627
2387
2389
2817
1828
2024
1673
1667
1664
1266
1660
1879
2340
1911
2262
2353
2467
1676
1665
1481
1546
1568
2018
1842
2123
2828
2245
1834
1575
1759
1511
1575
2086
1872
2425
1595
1521
1442
1401
1538
1722
1648
2270
1845
1999
2440
1887
2814
1801
1574
2410
1686
2120
2648
1988
1751
2252
1839
1133
1537
1530
1868
2587
1892
1688
1624
1766
2009
1715
1598
1674
1473
2121
1893
1755
1624
1590
1724
1544
2977
1723
2331
2228
2019
1872
1700
1079
1643
1461
1662
2025
1813
2416
1773
1640
2503
3145
2246
1960
1990
2505
1815
2530
2656
1808
1556
1519
2747
1291
1546
1885
1530
2556
2005
1911
1512
1446
1779
1615
1683
1703
1566
2747
1989
2232
2225
2627
2136
2347
2095
1637
3670
2657
2751
1673
1518
1393
1641
1734
1904
1157
1295
2501
2532
1734
2343
3213
1864
2260
2235
2385
1817
2803
2693
2210
1689
1647
1399
2763
1552
1842
1814
2722
1622
1783
1456
1621
1527
1767
1703
1823
3131
2588
2036
1704
1983
1654
1436
1664
1623
1517
2158
2217
1676
1511
1598
1624
1487
1789
1635
1608
2262
2063
1660
1955
1686
3301
1800
1832
2354
1735
2087
3028
1701
1964
1707
1580
1231
1493
1577
1983
2414
1866
1730
1513
1354
1362
1596
1408
1820
1981
2158
2055
2225
1966
1553
1501
1320
1485
1680
1412
2642
2074
1648
1597
1436
1342
1378
1621
1686
1571
2033
1689
1473
1782
3007
2325
1589
1434
2384
2011
2087
2454
1985
1498
1382
1047
1611
1487
2106
1598
2301
1685
2218
1742
1487
1503
1511
1560
1728
1590
2332
1611
1597
2403
2244
1721
1545
1503
1821
1554
2307
2297
1817
1527
1459
1428
1375
1563
1758
1439
2031
1769
1560
1954
2749
1860
1508
1505
2470
2005
2076
2376
1996
1738
1641
1503
1522
1742
2124
2100
2797
1969
1669
1516
1500
1290
1414
1426
1358
1631
1965
1904
2630
1735
1429
1444
1505
2589
2458
2015
2309
1831
1702
1438
1607
1378
1449
1673
1757
1705
2188
1727
1719
2504
2972
2124
8435
1622
2926
1916
2393
2184
1909
1672
1727
1341
1651
1396
1867
2005
2566
2032
1870
1617
1523
1511
1388
2057
1549
1441
3005
2043
1648
1681
1523
1384
1729
1733
3884
3076
3000
1872
1677
1577
1416
1380
1515
1001
1646
1979
1914
1917
1964
1472
2808
1891
1582
2213
2098
2379
2764
2275
1878
1696
1737
1148
2136
1810
2261
2651
2113
1725
1002
1510
1426
1569
1463
1863
1603
2234
2036
2253
2083
2199
2053
1766
1381
1461
1474
2484
1846
1629
1722
1498
1386
1410
1452
1577
1549
2230
1800
1890
1852
2774
1866
1767
1886
2331
2168
2664
1980
2366
1593
1446
1490
1318
1244
1926
1636
2635
1744
2067
1616
1444
1613
1568
1505
1355
1369
2347
1690
1654
1729
1482
1520
1459
1565
1590
1519
2476
1649
1635
1444
1371
1636
1373
1524
1505
2070
2829
1720
1712
2452
3557
1999
1681
1777
2333
1940
2833
2165
1541
1897
1694
1235
1429
1469
2503
2199
3339
1971
2181
2076
1817
1587
1593
1701
1498
1618
2005
1854
2208
2490
1696
1600
1741
1728
1771
1677
2117
2733
1816
1860
1532
1473
1376
1653
1534
1618
2430
1780
2052
1879
2773
1866
1826
1631
2630
1757
2123
1759
1648
1808
1784
1492
1395
1807
2218
2230
2227
1586
1589
2781
1757
1514
1571
1017
1090
1793
2128
2235
1716
2447
1857
1409
3151
2170
2228
2145
1808
1527
1210
1540
1776
1728
1616
2063
1834
1940
1745
1438
2499
2016
2597
1833
2173
2229
1991
2505
2827
1986
1874
1619
2027
1676
1152
2244
1649
2399
1870
1552
1573
1374
1703
1512
2156
1862
1522
2439
1883
1959
2074
1598
1622
1546
1437
1654
2372
2168
1694
1457
1660
1540
1346
2094
1984
1642
1554
2242
1740
1616
2036
2673
1968
1977
1893
2566
1913
2240
3191
2031
1747
1541
1265
2413
2079
2066
2067
2403
1468
1590
1587
1693
1555
1655
1548
1500
1462
2125
1723
1835
1581
1493
1426
1593
1474
1485
1437
2657
1750
1613
1399
1324
1457
1766
1205
1777
1628
2100
2015
1923
1521
2935
1786
1684
1680
2384
1652
2196
2789
2180
1755
1453
1439
1392
1518
1894
2199
2268
1801
1574
1641
1532
1508
1318
1952
1428
2190
2498
2216
2288
1609
1778
1573
1533
1908
1746
2245
2315
1806
1568
1570
1325
1386
1707
1903
1483
1792
2097
1518
1856
1595
2963
1697
1553
2439
1880
1701
2720
2596
1852
1992
2094
1178
1609
2150
1686
2128
2047
1695
1844
1641
1560
1392
1467
1736
1654
1879
2119
1570
2436
1665
1411
1460
1580
1742
1840
2258
1857
2587
1745
1582
1677
1583
7639
1456
1792
1999
2036
1579
1914
9871
2148
1789
1555
2431
1976
2176
2849
3033
1839
1703
1542
1076
1398
2115
1766
2281
1875
9159
2069
1569
1461
1583
1512
1805
1608
2118
1640
1960
1917
1511
1455
3010
1916
2209
1927
2003
1712
1688
1158
1391
1385
1696
1530
1407
2040
2248
1733
1674
1801
2816
1947
1845
1809
2467
1928
2600
2786
1914
1828
1538
1896
1303
1547
1960
1942
2301
2224
1692
1504
1461
1441
1439
1612
1385
2008
2265
1580
