39844
23602
16224
15047
21073
18124
19194
15656
17468
14741
15240
13376
12784
12973
15027
16103
14226
13050
13891
12963
15709
13517
13123
15445
16150
15169
24691
17664
14909
14245
16611
14696
13373
17332
17063
16564
13641
13316
15353
15430
15536
13637
13425
13938
17213
14896
14351
13621
20112
14718
15158
14765
13900
14035
16248
15651
16018
13836
16910
14965
13319
13174
12738
12544
15709
15199
13538
13576
13154
15679
15024
13681
13145
14926
24553
14402
18818
14221
20858
14751
17747
14602
13335
16712
17346
26713
15031
13263
15826
14863
15284
13947
12712
13337
15835
14113
15898
14260
14133
14169
14081
13371
14697
14532
16936
13883
14744
13300
12603
14357
13041
12769
22349
13587
15219
14295
15291
12399
13430
14338
13929
12752
14577
12623
15305
13737
18266
14570
13873
14657
16753
14845
17070
15472
16576
14704
14943
13955
15044
14791
15729
20090
13143
12987
15991
14291
13319
14286
13417
14452
14525
14089
14513
13184
17107
13788
13662
13859
13512
14695
13597
12590
13280
12802
16072
21195
12996
14336
14133
15238
13897
12938
15178
13771
15222
13865
25000
15977
13996
30252
16551
13969
17074
14325
15438
14013
12921
16283
14566
16027
13888
14970
14584
14171
15915
13271
13595
13609
15776
14475
14392
16339
13972
15313
17627
15610
14177
13672
16107
14498
15212
12981
13501
12735
15406
13625
13151
14641
15601
13984
12716
13007
14570
15740
14730
17616
14466
13513
15060
16109
14205
13111
13329
14800
13824
12772
17089
16646
16123
15210
20894
12735
12488
21276
13264
12531
12490
13123
15508
13331
13303
12927
13427
15664
14450
18222
15883
14246
15291
13972
13108
16409
14352
15647
15709
14893
15076
15469
15556
14336
13947
18541
16000
17225
17790
19956
15030
14000
14298
16949
16749
17296
15781
17739
14416
13069
13435
15045
15036
15575
13714
12980
13599
15539
13911
12428
13318
13174
13638
14524
13043
15060
15850
15530
21939
13043
21033
16820
14759
15136
13451
12353
12484
15414
14232
13759
13214
12587
13853
14524
13302
14957
14155
17735
15298
18711
14064
14939
14759
17643
14162
12977
16771
16180
15823
13766
13538
15430
16042
14338
13307
12637
12811
15193
13945
12955
12914
13592
13825
13283
16054
13985
13276
15850
15070
14775
12965
13559
12994
12522
14101
12811
12249
16385
13310
12629
14373
14810
23623
13404
13596
15339
13584
17188
14302
18971
15771
15857
18628
16282
15259
17730
15146
16993
14746
16051
16820
16710
17457
13963
14063
14260
13246
16151
14020
13959
13301
14083
14023
13150
14110
13948
15731
16004
13743
13454
12736
13762
13813
12864
12651
14410
16164
13647
15439
13229
13304
13740
13146
20126
12906
15762
16257
13769
17532
14620
21862
14601
16590
14868
14462
18655
24012
15493
13936
13371
15241
15332
15423
13367
13133
14920
16194
14687
14689
14693
16252
16767
16955
17402
18363
16479
16139
14423
13472
12866
13170
14393
13274
12219
12209
14610
15730
14285
13850
13251
15558
14448
13300
12610
14687
12730
16550
13974
17760
14471
13581
14133
16864
14526
13478
17785
23979
15048
13386
13232
15346
15794
14801
13738
12899
12735
16042
14317
13422
13682
21140
14243
13432
13674
13827
15987
18680
15666
15257
15551
14472
13401
13330
12943
13400
13051
15297
14549
13191
12742
13698
14379
13044
12369
15850
13381
15181
15043
18398
14715
15583
14444
18222
13738
17412
16410
15813
15712
13841
15786
15129
15920
13007
13057
13566
13392
16302
14819
14731
14428
14857
13794
13097
13367
12842
12647
15923
14226
14307
16499
14979
13433
13335
13299
20883
12995
15669
14543
13607
13607
13860
12827
13415
13341
15131
13165
14894
17222
15640
13601
14564
17414
14477
13226
17548
15188
16479
14265
13531
15325
14983
15570
13586
12821
12458
15672
14456
13800
14527
13591
14861
14019
13516
13834
13510
18396
15681
14841
14970
14022
14862
13908
13259
15801
13971
16644
14861
13880
13442
14898
16023
13629
13173
17127
18029
20621
17908
19381
25237
15665
15650
16618
14683
14313
17649
16538
14542
13395
13614
16388
14811
15230
13830
13518
13169
15407
13295
13992
12745
13573
14209
14728
14672
14045
13250
15694
14406
15639
13275
14120
14202
13480
12717
12430
13335
21874
13434
13731
13204
13393
14729
13687
14055
14192
13907
15245
14298
17288
19136
13921
15062
16460
14656
13400
13443
18102
14251
14074
14940
16274
17810
14265
23531
12718
13270
16600
14249
13129
12729
15337
15224
14897
17236
15307
15536
16621
14579
13892
12816
14167
13711
12661
12278
13254
12873
15735
14043
13157
13596
15457
15323
13522
19369
14398
13574
14703
13493
17714
14293
14157
20040
15393
13268
17250
14639
14888
12434
12596
14726
14243
14194
13364
11046
11243
12731
14328
12661
11131
12199
12358
12466
13275
12653
12232
12315
17250
20807
14508
13270
14491
12603
12607
11700
12527
11806
13432
12956
10993
11787
13629
12845
13488
17593
14696
12780
14071
16896
12936
12462
13216
15763
14863
11608
16128
15564
14705
13209
12851
14856
15072
13621
13639
11632
11933
14308
12490
12489
11062
11686
13698
12536
18938
14442
16911
17195
14667
16120
17379
14109
14202
13363
12857
14771
13535
14960
13989
12958
12593
13333
13042
21647
12670
15531
13929
16306
14533
18840
14574
14331
14789
17995
14523
17042
14617
15528
17018
15241
17978
15416
15897
14048
14500
15864
18438
20402
17795
15017
13651
14981
14908
15874
15312
14698
13140
16453
13671
14356
14425
14509
12799
13507
13151
13567
14611
15827
12965
12548
13167
13763
12800
12727
12842
15311
14519
15917
13614
18396
14934
19078
22285
21446
16607
19602
20229
27344
19696
16529
17993
17703
18692
16037
15282
15112
17892
18457
20174
18904
15867
15366
16548
15183
15944
15709
20160
19758
16031
17638
16566
16725
15999
13188
13504
15550
14475
16278
15123
14292
14509
15391
14877
12854
15435
14048
13985
15866
18062
16192
13691
14667
17043
15014
13781
17766
16149
16495
14532
13099
15983
15738
19042
14503
13573
12763
13549
16660
14579
13442
12933
28114
14160
13672
16953
14344
13399
17223
16875
13906
12948
14470
14107
13594
13002
13964
12594
17433
14943
12950
12372
16453
14432
13112
14408
14050
12488
17017
18438
15388
14856
14312
16761
15018
17168
15437
16051
14919
13256
14829
16577
15607
13502
12967
12883
12903
15075
14845
13175
12755
14164
12883
13233
14605
13117
15455
16396
14324
18403
16090
14177
13659
12504
13745
12841
20321
14906
14110
13909
13043
13265
13017
12832
13082
13783
12768
14972
15420
17649
14011
14599
