4685
1947
1937
1264
749
836
1201
1352
1330
2047
1318
2710
1322
1297
1271
2464
1644
1073
2363
1177
1288
1156
812
1266
1862
1227
1351
1087
1773
1208
1111
899
824
1098
1102
1150
1207
1060
2025
1231
1045
878
1003
1040
1988
1323
1198
1027
1286
1377
1038
1036
1255
2051
1265
1224
1148
1021
2434
1552
957
2329
1268
1414
1916
1523
1438
1186
1694
702
1029
924
2355
1545
1927
1169
1183
945
1288
1167
2171
1580
1108
1236
993
1304
1188
1422
1405
934
1207
1026
937
980
1117
1355
1045
1284
1303
1042
944
1036
1013
928
970
1174
1121
1271
1367
1103
2037
1177
1156
1071
1558
1367
1264
2128
1450
1057
847
951
747
1329
1201
1388
1276
1436
1062
921
922
950
964
834
1016
1146
1121
1898
1553
1340
1108
1000
1026
908
1101
987
1182
1360
1122
991
969
928
1046
904
1181
1142
1035
1304
1437
1022
2007
1326
1066
1117
1617
1545
1730
1709
1329
1092
892
766
861
1376
1036
1695
1245
1473
1234
1038
1126
1111
986
1040
1037
1427
1155
2036
1300
957
940
1022
940
910
1111
1058
1045
1238
1131
1305
1201
994
949
940
1017
1048
899
1663
1105
975
2042
1381
1067
989
2153
1381
1905
1660
1203
1019
981
766
895
1344
1285
1521
1327
1701
1084
977
967
926
908
885
1094
1257
1168
1949
1220
1315
1234
927
1767
1274
1037
977
1170
1044
875
919
900
926
681
845
1035
909
1182
1553
1714
2119
1716
1186
927
1672
1922
1369
1684
1439
1401
1408
891
886
1141
1026
1512
1050
1291
1076
567
831
892
924
992
901
1166
1030
1519
1228
975
909
903
810
782
1652
1242
1089
1225
1177
1127
972
923
931
951
901
1060
1009
1127
1414
1160
2045
1397
1031
995
1675
1317
1281
1384
1256
938
6872
1695
1302
1551
1134
1475
946
1281
1172
1003
911
1733
1208
986
880
1726
1140
1713
1600
1072
923
924
1031
861
1009
1045
1002
1345
1292
961
901
1014
997
884
1071
1032
942
1297
1527
1269
1883
1450
1038
1143
1842
1402
1696
1639
1170
1208
997
1007
954
1145
1111
1191
1023
1355
1053
1150
1021
1064
935
893
1173
1146
941
1406
1194
1098
1273
1043
1070
1032
1424
1013
1011
1699
993
1116
1024
932
1002
850
1086
1018
876
1496
1242
1217
1852
1237
1049
2247
1743
1136
1648
1582
1121
1193
809
941
907
1092
1868
1090
1063
1358
1109
1030
1792
997
1003
1018
1156
997
974
2321
1367
970
1030
956
905
1007
1063
997
831
1249
1200
1187
1196
1131
977
928
1211
1283
1600
1403
1133
2053
1712
912
974
1744
1388
1142
2032
1241
1054
876
992
907
838
1193
1317
1039
1443
964
1097
1007
979
886
830
855
1039
1002
1786
1118
1064
1053
1171
991
1744
1473
1308
1100
1545
732
1639
900
1158
946
698
935
1157
1143
2059
2072
1207
2187
1420
1340
1725
2334
1490
1271
2182
1288
1413
1192
1044
1050
1289
1412
1477
1176
1424
1092
935
878
842
1007
1060
1143
1559
1048
1744
1223
923
1394
1218
1118
1739
1333
1042
1000
1360
1071
966
995
910
1168
899
1309
1179
924
1441
1084
976
1877
1380
1272
1165
1749
1523
1054
1305
845
900
1592
1249
1102
1306
1183
1325
852
1248
1106
863
950
2177
1406
1311
1142
803
936
1263
1071
1107
1005
1059
1062
965
1102
1013
971
1262
980
1228
899
1000
1039
1581
1055
904
871
1535
1226
975
1740
1248
1072
1645
1230
1312
1790
1643
1124
1080
961
770
1188
1105
1256
1107
965
1358
909
948
888
862
867
1164
1195
903
1463
1593
1069
932
1016
983
939
920
1243
1056
1245
998
943
888
926
860
886
855
1239
1049
1335
1248
1089
1925
1298
1113
987
1736
1414
1073
2314
1447
1011
940
949
738
1247
1278
1446
1217
1535
1166
972
1117
1561
1127
968
1884
1662
1233
1864
1482
1183
1517
1111
1049
988
1115
878
1144
1483
1061
943
1347
1168
1101
985
1215
1145
1049
1546
1187
1018
1884
1311
1014
1000
1781
1191
1171
2107
1388
940
927
621
1042
1184
1271
1372
1162
1299
1078
944
1146
1008
984
972
1163
1144
1201
1748
1173
996
931
941
1555
1319
1391
1156
1147
1114
952
776
958
915
856
854
1060
990
975
1606
1366
1103
1816
1307
1054
999
2022
1321
1155
1732
1268
1237
1324
1165
1091
1167
1277
1076
1004
1512
1268
1078
956
1024
935
947
1078
1022
1187
2035
1086
1131
1041
1017
2188
1240
1075
1404
1099
1353
1211
1185
1090
1025
662
897
1229
1090
910
1734
1082
1716
1678
1280
987
1715
1545
1277
1270
1453
1114
841
1372
1057
1180
1274
1371
747
1249
990
1067
1782
1214
999
995
1231
968
870
1469
7865
1115
1284
972
920
949
1318
974
946
1681
1108
995
984
911
908
846
1152
972
965
1354
1179
1056
1829
1168
920
939
2103
1211
992
1924
1053
1137
1071
858
909
1118
1159
1413
992
1242
1160
1077
942
911
964
984
1057
971
979
1389
1200
1102
991
1300
1026
932
964
940
1020
1368
1195
1472
1155
998
1230
912
1335
991
921
1456
1109
935
1927
1425
986
1009
1924
1260
1747
1542
1184
955
1042
1019
1238
1099
1286
1194
1074
1344
1183
967
6380
1014
922
899
1004
1074
920
2395
1344
912
1191
1081
971
885
1069
874
880
1209
1022
911
1513
1566
921
905
1009
1006
901
1760
1190
963
1785
1169
954
2139
1920
1068
1782
1365
1094
932
978
784
1218
1260
1324
891
892
1125
934
910
1095
1008
701
1521
961
1024
985
1373
999
1198
1159
1062
1678
1413
1140
1025
773
1354
1110
1052
1005
1061
983
1140
1039
970
1136
2027
1022
2323
1598
1390
1038
1870
1543
1184
1771
1759
1206
1015
989
1147
1403
1175
1318
1109
1428
1153
